#SMM
2 0 0 24 2010 90 0
2936.9 -6802 05AE029 
2938.5 -6625 11AA031 
9.15 13.5
10.5 13.3
11.4 15.5
11.5 15.1
11.6 15.2
12.2 14.8
12.3 15.2
12.3 16.2
12.6 14.3
13.3 14
12.9 15.6
13 15.7
13 15.3
13 16
13.2 17.2
13.3 20.1
13.5 24.3
13.6 25.4
13.6 21.3
13.6 18.4
13.7 22.3
14.8 30.3
15.8 31.7
17.2 26.3
18.1 23.4
18.4 23.1
18.5 23
18.6 23.4
18.3 24.3
16.3 25.4
13.5 29.2
13 30.3
13.1 30.6
12.8 24.3
11.1 28.1
8.88 47
6.16 50.7
3.9 35.7
3.86 31.2
3.85 28.2
3.85 27.6
3.79 29.2
3.76 29.7
3.73 30
3.7 27.1
3.68 24.6
3.67 26
3.69 28.3
3.72 28.6
3.74 27.2
4.24 25.9
5.2 24.9
5.22 21.4
5.23 18.3
5.19 16.5
5.17 16.5
5.17 16
5.92 15.9
4.85 18.7
3.73 32.9
3.65 61.7
3.53 58.6
3.23 59.5
1.94 46.4
1.87 38.8
1.81 35.7
1.78 29.2
1.74 24.1
1.73 20.7
1.7 19.3
1.7 18
1.7 16.6
1.71 15.4
1.67 14.9
1.64 14.1
1.62 13.6
1.62 12.1
2.79 12.7
6.37 13.6
5.88 28.9
3.69 108
3.6 165
5.24 103
3.77 73.9
2.48 83.3
2.29 105
2.2 56.6
2.15 39.6
2.09 30.9
2.01 25.1
1.86 24.2
1.84 24
1.81 23.3
1.88 25
1.83 25.9
1.79 25.3
1.74 26.1
1.73 27.3
1.72 23.8
1.68 20.8
2.31 18.9
4.25 17.4
5.36 16.3
5.99 14.3
7.69 12
8.82 10.9
9.4 13.7
11 13.8
12.6 12.9
13.5 14
13.8 15.5
14.9 16.5
15.7 18.5
16.7 20.4
17.2 24
17.1 25.4
17.1 26.1
17.3 28.9
17.3 32.3
17.3 36
17.3 36
17.2 25.9
17.1 24.2
17 23.6
17 22.2
17 24.7
16.9 23.7
16.9 23.4
17 24.2
17 23.3
17 22.3
17.1 21.4
17.1 21.8
17.1 22.9
17.1 24.7
17.3 22.4
17.2 23.6
17.2 23.8
17.2 26.5
17.1 27.8
17 28.2
17 27.3
17 25.2
17 25.3
17 23.7
16.9 24
16.7 24
16.7 23.5
16.7 23.2
16.8 23.3
16.7 23.5
16.8 25
16.5 24.3
15.2 23.6
11.9 21.7
6.28 20.6
1.95 21.1
1.12 19.9
0.556 19.1
0 16.6
0 15.2
0 10.6
0 8.58
0 7.56
0 7.79
0 6.57
0 5.83
0 5.89
0 6.06
0 5.83
0 5.58
0 6.17
0 6.54
0 6.66
0 5.41
0 4.98
0 5.92
0 6.54
0 5.64
0 6.17
0 5.78
0 5.69
0 5.24
0 4.9
0 4.56
0 4.33
0 4.05
0 3.94
0 3.71
0 3.68
0 3.57
0 3.51
0 3.51
0 3.48
0 3.57
0 3.6
0 3.51
0 3.51
0 3.51
0 3.46
0 3.46
0 3.51
0 3.51
0 3.48
0 3.43
0 3.37
0 3.37
0 3.34
0 3.43
0 3.54
0 3.6
0 3.4
0 3.29
0 3.48
0 3.48
 
 
 
 
 
 
 
 
 
 
 
 
 
 
 
 
 
 
 
 
 
 
 
 
 
 
 
 
 
 
 
 
 
 
 
 
 
 
 
 
 
 
 
 
 
 
 
 
 
 
 
 
 
 
 
 
 
 
 
 
 
 
 
 
 
 
 
 
 
 
 
 
 
 
 
 
 
 
 
 
 
 
 
 
 
 
 
 
 
 
 
 
 
 
 
 
 
 
 
 
 
 
 
 
 
 
 
 
 
 
 
 
 
 
 
 
 
 
 
 
0 1.27
0 1.13
0 0.991
0 0.991
0 0.85
0 0.708
0 0.708
0 0.566
0 0.566
0 0.708
0 0.85
0 1.13
0 1.42
0 3.4
0 11.3
0 34
0 73.6
0 76.5
0 65.1
0 51
0 36.8
0 31.2
0 28.3
0 25.5
0 19.8
0 18.4
0 17
0 15.6
0 15.6
0 17
0 25.5
0 45.3
0 42.5
0 45.3
0 85
0 56.6
0 36.8
0 30
0 24.3
0 20.5
0 19.5
0 16.8
0 15.4
0 16
0 17.6
0 20.6
0 18.6
0 19.7
0 18.5
0 19.1
0 18.3
0 16.2
0 15.5
0 14.8
0 15.3
0 16.1
0 20.1
0 22.3
0 23.4
0 24.6
0 25
0 24.6
0 23.5
0 22.1
0 23.6
0 24.5
0 22.6
0 24.1
0 19.4
0 19.6
0 19.1
0 20.4
0 21
0 22
0 21.6
0 23
0 26.1
0 26.2
0 26.3
0 26.6
0 25.2
0 24.1
0 23.4
0 25.3
0 35.1
0 34.6
0 39.1
0 65.1
0 53.5
0 51.3
0 57.5
0 55.5
0 43.9
0 38.8
0 65.1
0 86.4
0 58.9
0 52.4
0 51.8
0 43.9
0 63.7
0 98.8
0 96.3
0 84.1
0 58.1
0 44.5
0 38.8
0 33.7
0 30
0 27.2
0 25.5
0 23.4
0 22.6
0 22.4
0 22.9
0 23
0 20.5
0 18.5
0 18
0 18
0 15.6
0 14.4
0 13.5
0 13
0 12.5
0 11.3
0 10.4
0 9.88
0 8.86
0 7.9
0 7.42
0 7.22
0 7.28
0 6.97
0 6.85
0 7.36
0 6.09
0 6.2
0 6.37
0 6.15
0 7.76
0 7.59
0 6.32
0 5.49
0 5.58
0 5.35
0 5.1
0.291 5.15
4.05 5.3
6.18 5.18
6.24 4.93
6.22 4.81
6.19 4.67
6.27 4.42
7.36 4.13
8.22 7.39
8.24 8.61
8.21 7.87
8.17 7.33
8.13 7.59
8.81 8.72
10.4 9.35
10.4 9.4
10.3 9.29
10.7 8.98
11.7 10.3
11.7 11.7
11.7 12.1
11.6 12.1
11.7 11.8
13 12.3
14.5 12.5
14.6 12.6
14.6 12.1
14.5 11.8
14.5 13
14.5 14.2
14.7 13.7
15 13.9
15 14.2
15 14.8
15 14.8
15.1 14.8
15.1 15.5
15.1 16.4
15.1 16.3
15.1 15.9
15.1 16.1
15 16.3
15 15.8
14.9 15.9
14.9 16.1
14.9 15.9
14.9 15.7
14.9 14.9
14.8 15.2
14.8 15.2
14.9 15.2
14.9 15.6
14.6 15.8
13.1 15.7
10.7 15.6
7.96 15.9
7.8 16.6
7.42 16.5
6.92 15
6.9 12.9
7.95 10.7
9.12 9.88
12 9.71
13.1 9.35
13.3 8.69
13.4 8.75
13.5 10.6
13.4 13.8
13.5 16
12.8 17.3
10 17.6
6.45 18.1
2.85 18.5
0.825 19.6
0.661 21.5
0.586 19.3
0.532 19
0.348 16.1
0.049 13.2
0.012 11
0.006 9.86
0.005 8.89
0.003 6.8
0.002 5.41
0.001 4.84
0 4.53
0 4.47
0 4.08
0 4.02
0 3.91
0 3.77
0 3.74
0 3.74
0 3.57
0 3.51
0 3.4
0 3.48
0 3.54
 
 
 
 
 
 
 
 
 
 
 
 
 
 
 
 
 
 
 
 
 
 
 
 
 
 
 
 
 
 
 
 
 
 
 
 
 
 
 
 
 
 
 
 
 
 
 
 
 
 
 
 
 
 
 
 
 
 
 
 
 
 
 
 
 
 
 
 
 
 
 
 
 
 
 
 
 
 
 
 
 
 
 
 
 
 
 
 
 
 
 
 
 
 
 
 
 
 
 
 
 
 
 
 
 
 
 
 
 
 
 
 
 
 
 
 
 
 
 
 
 
0 2.12
0 1.98
0 1.98
0 2.12
0 2.27
0 2.41
0 2.41
0 2.83
0 4.25
0 7.08
0 15.6
0 11.3
0 8.78
0 7.93
0 8.72
0 10.4
0 15.2
0 18.1
0 14.5
0 11.9
0 8.98
0 13
0 10.3
0 8.04
0 7.82
0 7.36
0 6.91
0 7.28
0 6.46
0 5.75
0 5.27
0 5.1
0 8.16
0 14.6
0 17.6
0 20
0 15.2
0 11.6
0 9.29
0.628 8.35
3.8 7.53
3.89 7.05
4.96 6.29
6.51 5.92
5.74 5.72
5.76 6.54
6.6 12.3
9.41 15.5
11.4 17
13.6 15.5
14.8 12.7
14.5 12.1
14.6 14.4
14.7 16.7
14.8 19.2
15.1 22.2
15.8 26.8
17 25.7
17 21.7
16.9 19.1
16.8 22.6
16.8 22.5
16.5 18.9
16.7 19.5
16.6 18.9
16.4 18.2
16.2 17.8
16.3 17.3
17.4 18
17.4 17.4
17.4 17.5
17.5 16.8
17.5 16.9
17.5 17.8
17.5 19.7
17.5 21.7
17.6 21.2
17.8 20.7
17.6 19.9
16.4 19.8
16.7 19.7
16.9 21.2
16.9 23.1
17.1 22.4
16.8 21.7
16 20.6
15.9 20.3
15.9 26.3
15.8 26.5
15.6 23.6
15.6 24.2
16.4 23.4
16.8 23.6
16.8 23.5
17 22.9
17.4 22.7
17.7 25.5
16.6 25.3
16.2 28.1
16.2 25.7
16.1 28.1
16.2 28.6
16 29.2
15.8 25.7
15.6 27.2
15.7 31.2
15.8 29.7
15.9 26.3
16 24.7
16.1 25.1
16.4 26.4
16.6 27.8
16.5 27.4
16.5 27.4
16.4 30.3
16.5 34
16.5 32
16.6 30.6
16.7 30.3
16.7 30.9
16.6 28.3
16.3 27.2
16.2 28.3
16.1 28.6
16.1 26.1
16 24.8
15.9 23.9
15.9 23.1
15.8 22.3
15.7 21
15.7 20
16.1 19.2
16.9 17.5
16.9 16.6
16.9 15.9
16.9 15.9
16.8 17.1
16.8 19
16.7 20
16.6 19.9
16.6 19
16.6 17.7
16.6 17.8
16.5 17.4
16.5 17.4
16.3 17.8
16.1 17
15.9 16.5
16.3 16.3
17.5 16.3
17.5 17.4
17.5 16.4
17.5 16
17.7 15.7
17.8 15.8
17.1 15.9
17.5 16.1
17.6 16.3
17.5 17
17.5 17
17.5 15.9
17.6 15.8
17.6 16
17.6 15.9
17.6 16.1
17.6 16
17.3 16
16.7 16
16.5 16
17.5 15.4
17.4 15.3
17.3 15.1
17.3 14.5
17.3 14.6
17.2 14.8
17.2 14.5
17.1 14.7
17.1 14.9
17 15.3
16.9 15.7
16.9 16
16.9 15.9
16.8 15.6
16.9 15
17.2 15.2
17.4 14.8
17.4 14.7
17.3 15.1
17.4 15.6
16.8 15.9
16.4 16
17.5 16.5
17.5 16.8
17.2 16.5
14.8 15.2
10.8 15.4
7.1 15.7
4.87 16.3
2.13 15.3
0.415 13.6
0.293 11.2
0.116 9.01
0 7.62
0 6.06
0 5.13
0 4.3
0 3.65
0 3.26
0 2.94
0 2.72
0 2.72
0 2.35
0 2.1
0 1.9
0 1.73
0 1.61
0 1.73
0 1.7
0 1.67
0 1.64
0 1.59
0 1.64
0 1.73
0 1.81
0 1.84
0 1.78
0 1.78
0 1.78
0 1.81
0 1.84
0 2.01
0 1.93
0 1.81
0 1.67
0 1.61
0 1.59
0 1.59
0 1.42
0 1.3
0 1.19
0 1.25
0 1.42
0 1.78
0 2.1
0 2.61
 
 
 
 
 
 
 
 
 
 
 
 
 
 
 
 
 
 
 
 
 
 
 
 
 
 
 
 
 
 
 
 
 
 
 
 
 
 
 
 
 
 
 
 
 
 
 
 
 
 
 
 
 
 
 
 
 
 
 
 
 
 
 
 
 
 
 
 
 
 
 
 
 
 
 
 
 
 
 
 
 
 
 
 
 
 
 
 
 
 
 
 
 
 
 
 
 
 
 
 
 
 
 
 
 
 
 
 
 
 
 
 
 
 
 
 
 
 
 
 
0 2.27
0 2.83
0 4.25
0 5.66
0 5.1
0 4.53
0 4.25
0 3.96
0 3.68
0 3.97
0.391 4.25
2.73 4.53
2.85 5.1
3.05 6.23
3.74 7.08
5.28 6.23
5.32 5.66
5.35 5.1
5.36 5.66
5.66 6.51
6.2 8.5
7.14 14.2
7.06 13.6
6.98 12.7
6.98 11.3
8.52 17
8.54 28.3
9.29 34
11 30.3
11.4 18.5
11.4 17
11.4 21.8
11.5 23.9
11.5 21.9
11.5 21.2
11.6 17.8
11.7 17.3
11.7 17.7
11.8 19.9
11.8 18.7
11.8 17.8
11.8 17.9
11.8 17.3
11.9 16.4
11.9 16.7
11.9 18.6
11.8 19.5
11.8 17.5
11.8 15.9
11.8 16.5
11.8 16.2
11.8 15.8
11.8 15.7
11.8 16.6
11.8 17
11.8 17.4
11.8 16.7
11.9 15.9
11.8 15.1
11.9 15
12 15.7
12 15.8
12 16.1
12.1 16.8
12.1 17.4
12 17.6
12 17.2
12 16.8
12.1 16.2
12.2 15.9
12.3 15
12.4 14.6
12.4 14.4
12.6 14
14 13.7
14.3 14
14.9 13.8
16.3 13.8
16.2 14.9
16.1 17.6
16 19.1
16.1 21.3
16.9 21.8
16.1 20.3
15.5 22.1
15.4 21.8
15.3 23.6
15.3 26.3
16.1 32
16.7 32.6
16.8 36.2
16.8 29.7
16.8 30.6
16.8 36
16.1 51.5
14.7 41.6
14.4 37.7
14.3 33.4
14.4 29.7
14.4 24.3
14.6 22.9
14.6 19.8
14.3 18.8
14.3 18.2
14.2 18.6
14.2 18.6
14 16.8
13.9 16.2
13.9 15.7
13.8 15.6
13.8 15.5
14.2 29.5
14.3 23.9
14.3 15.5
14.3 13.6
14.2 15.4
14.2 16.7
14 15.8
14 17.5
13.9 16.7
14 15.6
14 14.9
14.1 15.3
14.1 15.2
14.1 14.8
14.2 13.5
14.2 13.1
14.2 16
14 17.6
14.4 17
16.7 20.1
16.7 18.7
16.7 18.1
16.6 17.7
16.6 17.9
16.6 18.2
16.5 17.2
16.8 16.1
16.8 15.6
16.9 14.9
16.9 15
16.9 15.4
16.9 15.3
16.9 15.4
16.9 15.3
16.9 15.6
16.9 15.3
16.5 15.7
15.7 14.6
15.7 14.3
15.7 18.8
15.7 15.9
15.6 15.6
15.6 15.9
15.3 15.8
14.4 22.1
14.3 15.7
14.2 12.7
14.1 14.6
14.6 15.8
15.5 15.6
15.5 16
15.6 15.2
15.7 14.6
15.7 15.1
15.6 15.6
15.6 13.3
15.6 13.3
15.6 14.4
15.6 15.3
15.6 15.1
15.5 14.6
15.5 14.5
15.5 14.2
15.5 14.1
15.5 14.2
15.5 13.8
15.5 13.7
15.5 13.8
15.5 14.2
15.5 14.1
15.5 13.7
15.5 14.2
15.5 14.8
15.5 14
15.5 13.3
15.5 13.3
15.5 13.4
15.5 13.6
15.5 13.9
15.5 17.7
15.5 19.8
15.5 16.9
15.5 13.5
15.5 14.2
15.3 15.5
14.2 15.8
12.8 15.5
12.8 15.1
12 15
9.84 15.2
8.56 13.8
7.3 13.6
7.09 13.4
7.07 12
7.04 10.8
6.16 9.6
3.81 8.35
0.744 7.82
0.478 7.36
0.437 7.36
0.39 7.56
0.367 6.74
0.23 5.66
0 4.53
0 3.74
0 3.17
0 2.8
0 2.58
0 2.46
0 2.32
0 2.18
0 2.07
0 1.98
0 1.98
0 1.93
0 1.93
0 1.87
0 1.76
0 1.76
0 1.78
0 1.76
0 1.7
0 1.64
0 1.61
0 1.59
0 1.56
0 1.53
0 1.53
0 1.5
0 1.36
0 1.25
0 1.19
0 1.22
0 1.27
 
 
 
 
 
 
 
 
 
 
 
 
 
 
 
 
 
 
 
 
 
 
 
 
 
 
 
 
 
 
 
 
 
 
 
 
 
 
 
 
 
 
 
 
 
 
 
 
 
 
 
 
 
 
 
 
 
 
 
 
 
 
 
 
 
 
 
 
 
 
 
 
 
 
 
 
 
 
 
 
 
 
 
 
 
 
 
 
 
 
 
 
 
 
 
 
 
 
 
 
 
 
 
 
 
 
 
 
 
 
 
 
 
 
 
 
 
 
 
 
0 1.7
0 1.8
0 2
0 2
0 2.3
0 2.3
0 2.5
0 2.5
0 2.8
0 5.7
0 22.7
0 85
0 70.8
0 79.3
0 68
0 56.6
0 45.3
0 36.5
0 31.2
0 27.9
0 19.7
0 9.4
0 7.1
0 10.3
0 5.5
0 4.8
0 4.5
0 4.9
0 3.9
0 5.6
0 9.3
0 7.4
0 8
0 9
0 11.2
0 12.8
0 12.3
0 12
0 11.3
0 13.8
0 15.4
0 16.9
0 18.7
0 14.8
0 12.5
0 11.1
0 10.5
0 9.4
0 7.9
0 7.7
0 7
0 6.3
0 6.1
0 7.1
0 7.1
0 6.2
0 6.8
0 8
0 7.9
0 8.6
0 8.1
0 7.9
0 8.3
0 9.2
0 9
0 7.8
0 8.2
0 9.8
0 12.1
0 11.9
0 11
0 10.2
0 8.9
0.471 7.1
3.6 6.9
6.59 7
9.63 6.6
12.1 7.1
14.1 6.5
14.9 6.3
14.5 9.5
14.7 17.8
16.4 19.1
16.8 20.4
17.3 19.7
17.5 19.3
17.6 20.5
17.3 21.2
17.3 20.3
17.4 20.1
17.2 19.8
16.8 19.8
16.6 19.3
16.4 18.7
16.3 18.7
16.2 17.8
16.2 17.6
16.5 17.6
16.9 17.7
16.8 17.1
16.7 16.8
16.8 16.6
16.8 16.5
16.8 16.4
16.9 16.7
16.8 18.4
16.8 19.4
16.7 19.9
16.3 28.9
13.1 25.3
12.6 30.9
11.5 71.6
14.3 120
14.1 92
14.4 64.3
15.6 50.1
17.3 41.6
17.1 37.1
16.8 35.7
16.6 37.7
16.5 38.5
16.4 34.8
16.4 34.3
16.7 32
16.6 31.4
16.5 31.2
16.5 29.7
16.4 27.9
16.5 26.3
16.8 26.8
16.8 26.1
16.7 25
16.7 23.8
16.6 23.5
16.6 22.2
16.5 21.2
16.5 19.9
16.5 18.9
16.5 18.4
16.6 18.2
16.6 18.2
16.5 18.7
16.4 19
16.5 18.9
16.6 18.9
16.4 19.1
16.5 18.8
16.7 18.4
16.6 17.1
16.5 17.2
16.4 16.5
16.4 16.3
16.7 15.9
16.7 16
16.7 15.7
16.7 15.9
16.7 17.1
16.7 17.5
16.7 17.9
16.6 18.3
16.6 21.1
16.6 18.7
16.6 16.8
16.6 16.4
16.9 16.2
16.8 15.7
16.8 15.3
16.9 15.7
16.9 16
16.8 20.4
16.8 17.7
16.9 18.1
16.9 17.5
16.8 17.8
16.5 22.4
16.5 23.8
16.4 18
16.4 19.5
16.5 18.9
16.7 18.9
16.6 20.1
16.3 21.5
15.8 21
15.8 20
15.6 20.1
14.8 19.1
12.8 18.5
10.6 23.8
8.59 15.5
6.5 14.3
6.37 14.2
5.86 14.3
4.79 13.3
4.63 12.2
2.41 13.4
0.356 13.4
0.174 11.4
0.144 9.7
0.047 8.6
0 7.8
0 6.7
0 5.7
0 4.8
0 4.3
0 3.9
0 3.6
0 3.4
0 3.3
0 3.1
0 2.9
0 2.7
0 2.6
0 2.5
0 2.5
0 2.5
0 2.5
0 2.5
0 2.4
0 2.3
0 2.4
0 2.4
0 2.8
0 2.8
0 2.8
0 2.9
0 3
0 2.8
0 2.6
0 2.4
0 2.4
0 2.5
0 2.5
0 2.3
0 2.2
0 2.2
0 2.2
0 2.1
0 2
0 2
0 2
0 2.2
0 2.3
0 2.2
0 2.1
0 2.2
 
 
 
 
 
 
 
 
 
 
 
 
 
 
 
 
 
 
 
 
 
 
 
 
 
 
 
 
 
 
 
 
 
 
 
 
 
 
 
 
 
 
 
 
 
 
 
 
 
 
 
 
 
 
 
 
 
 
 
 
 
 
 
 
 
 
 
 
 
 
 
 
 
 
 
 
 
 
 
 
 
 
 
 
 
 
 
 
 
 
 
 
 
 
 
 
 
 
 
 
 
 
 
 
 
 
 
 
 
 
 
 
 
 
 
 
 
 
 
 
0 6.8
0 7.08
0 7.51
0 7.65
0 7.65
0 7.5
0 7.36
0 7.93
0 7.93
0 7.93
0 7.93
0 11.3
0 16.1
0 14.5
0 11.7
0 10.1
0 10.7
0 11
0 8.5
0 7.85
0 9.71
0 9.83
0 8.27
0 7.96
0 9.43
0 8.61
0 7.62
0 6.8
0 6.48
0 6.03
1.45 5.47
5.06 5.07
5.12 5.1
5.12 5.18
5.12 5.18
5.11 5.07
5.11 5.01
5.1 7.17
5.06 9.83
5.06 9.74
5.05 9.37
5.05 8.98
5.02 8.44
4.98 8.55
4.98 8.47
4.96 8.41
4.96 8.04
4.96 7.73
4.95 7.48
4.94 7.48
4.94 7.34
4.93 7.53
4.96 7.7
4.95 7.56
4.98 7.36
4.95 7.05
4.97 7.05
4.99 6.82
4.98 6.57
4.98 6.54
5.01 6.43
5.04 6.26
5.03 6.12
5.07 6.2
5.9 6.23
8.3 6.03
9.02 6.17
11.5 6.26
13.7 5.64
14.1 5.47
14.4 7.05
14.4 8.95
14.4 12.3
14.3 16.2
14.3 17.5
14.3 19.5
14.3 20.6
14.4 20.7
14.3 20.4
14.4 20.5
15.4 21.2
16.5 23.5
17.4 22
17.5 18.8
17.6 18.8
17.3 20.2
17.2 21.6
16.9 21.5
16.7 20.4
16.8 21.6
16.8 21.8
16.9 21.8
16.9 22.7
16.7 24
16.4 24.5
16.7 25
16.9 26.2
16.8 31.7
16.7 27.8
16.8 25.3
16.8 22.6
16.9 21.4
16.9 19.8
16.9 17.8
16.8 16.7
16.7 15.7
16.7 16.7
16.8 16.8
16.7 16.7
16.7 16.3
16.8 16.1
16.8 15.8
16.8 15.6
16.8 15.7
16.8 15.7
16.8 15.5
16.8 15.2
17 15.3
17 14.7
17 14.5
17 14.4
16.8 14.3
16.8 14.4
16.9 14.4
16.9 14.4
16.8 14.6
16.9 16.7
16.6 18.3
16.7 17.8
16.7 18.9
16.8 18.2
16.7 16.5
16.7 15.3
16.7 18.9
16.7 15.1
16.9 15.2
16.8 15.2
16.9 14.8
17 14.3
16.9 15.2
16.8 16.1
16.8 17.6
16.7 18.9
16.7 17.5
16.7 16.2
16.7 16.1
16.7 15.1
16.8 14.4
16.8 14.5
16.8 16.6
16.7 16
16.7 15.4
16.6 15.2
16.7 15
16.8 14.9
16.8 14.8
16.8 15
17 15.4
17 15.3
17 15.3
16.9 15.4
16.9 15.3
16.8 15.7
16.8 15.3
16.8 15.6
16.7 15.4
16.7 15.2
16.8 15.3
16.8 15.2
16.8 15.2
16.8 15.8
16.8 16.3
16.8 16.8
16.8 16.4
16.8 15.9
16.7 16
16.5 15.9
15.3 16.4
12.8 16.8
9.42 16.5
5.59 16.3
3.21 16
2.89 14.7
2.76 11.4
2.33 8.86
2.09 7.02
1.78 5.38
1.55 4.56
1.54 4.76
1.58 7.05
1.53 5.61
1.48 5.1
1.26 4.33
0 4.13
0 3.74
0 3.28
0 2.89
0 2.66
0 2.89
0 3.2
0 3.03
0 2.44
0 2.1
0 1.81
0 1.64
0 1.59
0 1.44
0 1.36
0 1.3
0 1.22
0 1.13
0 1.08
0 1.02
0 0.991
0 0.991
0 0.991
0 1.67
0 3.43
0 3
0 2.1
0 1.67
0 1.42
0 1.27
0 1.1
0 0.935
0 0.906
0 0.906
0 0.878
0 0.85
0 0.878
0 0.878
0 0.878
0 0.906
0 0.906
0 0.906
0 0.935
0 0.935
0 0.906
0 0.906
0 0.935
0 0.935
0 0.935
0 0.963
0 0.991
0 0.991
0 
0 
0 
0 
 
 
 
 
 
 
 
 
 
 
 
 
 
 
 
 
 
 
 
 
 
 
 
 
 
 
 
 
 
 
 
 
 
 
 
 
 
 
 
 
 
 
 
 
 
 
 
 
 
 
 
 
 
 
 
 
 
 
 
 
 
 
 
 
 
 
 
 
 
 
 
 
 
 
 
 
 
 
 
 
 
 
 
 
 
 
 
 
 
 
 
 
 
 
 
 
 
 
 
 
 
 
 
 
 
 
 
 
 
 
 
 
 
 
 
 
 
0 1.84
0 1.98
0 2.27
0 2.55
0 2.83
0 2.69
0 2.55
0 2.83
0 3.06
0 2.77
0 2.6
0 2.49
0 2.29
0 2.12
0 2.07
0 2.01
0 1.9
0 1.87
0 1.87
0 1.73
0 1.95
0.036 1.84
1.77 1.84
2.36 1.9
3.09 1.84
3.11 1.81
3.12 1.87
3.52 1.9
4.91 2.04
5.96 2.04
6 1.93
6.71 3.26
8.04 3.99
8.09 4.22
8.77 5.3
10.4 6.54
13.3 7.56
14.5 9.06
14.2 9.18
14.3 8.98
14.4 10.3
14.3 13.3
14.1 13.9
14.1 13.5
14.2 14.1
14.3 23
14.2 17.9
14.2 14.1
14.1 12.7
14.1 12.9
14.1 13.3
14.1 13.1
14.1 13.8
14.3 14.8
14.3 15
14.2 15
14.2 16.2
14.2 15.9
14.1 16.8
14 17
13.9 16.9
13.8 16.7
13.9 15.9
13.9 15.4
14 15
14 14.6
14.1 13.9
14.3 13.6
14.3 13.5
14.1 13.7
12.2 13.8
11.6 14.9
10.9 15.3
9.11 16.1
7.8 15.4
7.72 13.4
7.65 13.8
7.84 12.7
8.21 10.9
8.24 9.88
8.33 10.2
8.45 12.4
8.48 12.7
8.27 13
6.71 15.4
5.6 15
5.56 15
5.51 15.3
5.43 15.5
5.38 13.4
5.42 10.7
5.38 10
5.34 9.94
5.33 9.32
5.32 9.03
5.33 8.41
5.31 7.82
5.95 7.48
9 7.05
12.2 6.66
13.1 7.02
13.1 6
13.2 6.57
13.2 6.37
13.5 9.8
14.7 11.6
15.5 11.4
16.5 11.3
16.9 11.2
17 12.1
17.3 13.6
17 14.1
17.1 14.9
17 15.6
17.1 16.7
17.4 16.3
17.4 16
17.4 16.1
17.4 15.6
17.4 15.7
17.1 15.9
17 15.7
17 21.4
17 15.7
17 15.7
17 15.8
17 15.3
17 15.2
16.9 15.1
16.8 15.4
16.8 15.6
16.7 15.6
16.8 16.3
16.7 18.4
16.7 16.2
16.7 15.3
16.7 16.5
16.7 16.2
16.7 16.3
16.7 18.9
16.7 18.4
16.7 17
16.7 16.5
16.7 15.7
16.7 14.6
16.7 14.5
16.7 14.2
16.7 14.6
16.7 15.5
16.7 17.2
16.7 17.5
16.6 16.5
16.6 16.5
16.6 16.6
16.5 15.8
16.6 15
16.6 16.2
16.5 14.8
16.5 14.4
16.6 14.7
16.8 15
16.8 23.3
16.8 23
16.8 20.2
16.8 20.3
16.8 18.3
16.7 17.4
16.7 16.9
16.6 17.7
15.8 17.4
14.9 17.2
14.8 17.2
14.3 17.6
14 17.3
13.9 15.9
12.2 14.9
11 14.6
9.82 14.2
9.4 14.2
8.37 13.9
8.29 12.5
8.27 11.2
8.25 10
8.23 9.4
8.16 8.27
8.11 7.76
8.06 7.42
8.07 7.34
8.07 7.48
7.62 7.62
4.8 7.73
3.02 7.65
2.26 7.42
1.49 7.53
0 7.5
0 6.65
0 5.61
0 4.56
0 3.94
0 3.43
0 3.06
0 2.63
0 2.12
0 1.9
0 1.67
0 2.01
0 3.31
0 3.43
0 2.55
0 1.76
0 1.47
0 1.36
0 1.25
0 1.16
0 1.13
0 1.16
0 1.08
0 1.36
0 1.81
0 1.78
0 1.33
0 1.13
0 0.991
0 1.19
0 1.33
0 1.59
0 1.39
0 1.42
0 3.31
0 2.75
0 1.64
0 1.27
0 1.13
0 1.08
0 1.13
0 1.25
0 1.27
0 1.44
0 1.5
0 1.42
0 1.39
0 1.33
0 1.25
0 1.22
0 1.78
 
 
 
 
 
 
 
 
 
 
 
 
 
 
 
 
 
 
 
 
 
 
 
 
 
 
 
 
 
 
 
 
 
 
 
 
 
 
 
 
 
 
 
 
 
 
 
 
 
 
 
 
 
 
 
 
 
 
 
 
 
 
 
 
 
 
 
 
 
 
 
 
 
 
 
 
 
 
 
 
 
 
 
 
 
 
 
 
 
 
 
 
 
 
 
 
 
 
 
 
 
 
 
 
 
 
 
 
 
 
 
 
 
 
 
 
 
 
 
0 
0 2.75
0 3.29
0 3.6
0 3.42
0 2.68
0 1.95
0 1.32
0 0.862
0 1.05
0 1.36
0 1.42
0 1.38
0 1.01
0 0.995
0 2.02
0 3.09
0 76.5
0 104
0 36.2
0 26.6
0 22.3
0 23.5
0 16.3
0 13.3
0 11.7
0 11.6
0 11.5
0 10.4
0 9.17
0 7.33
0 6.79
0 6.29
0 5.81
0 5.61
0 5.84
0 5.78
0 6.36
0 6.29
0 5.96
0 5.44
0.381 5.1
2.29 5.07
3.91 5.52
5.54 7.03
6.53 7.12
6.55 6.34
6.51 5.36
6.54 5.13
7.38 7.92
9.17 11.3
8.46 10.8
8.48 9.8
8.48 9.53
8.46 9.95
8.47 12.4
8.48 13.2
8.51 13.4
8.52 13.1
8.49 12.4
8.5 12.7
8.47 13.8
9.03 14.1
11.1 14.2
11.6 13.3
11.5 11.9
12 11
13 11.3
13.2 13.4
13.4 14.1
13.5 14
13.5 15.6
14.1 16.9
15.2 17.4
15.8 17.7
15.9 16.9
15.9 16.7
15.9 17.8
15.8 18.4
15 19.2
15.2 19
15.6 19.9
15.6 21.4
15.8 23.4
16.7 21.4
16.8 18.5
16.8 17.2
16.9 17.5
16.9 18
16.8 19
16.8 18.4
16.9 18.7
16.9 18.2
17 17
17 16.2
16.8 16.7
16.8 16.2
16.5 16.3
16.7 17.5
16.9 18.7
16.8 18.1
16.8 18.3
16.7 18.5
16.7 18.4
16.8 18.5
17.2 18.1
17.5 22.2
17.4 19.8
17.4 19.1
17.4 20.5
17.4 21.1
17.3 20
17.2 18.9
17.3 17.5
17.3 16.2
17.4 15.7
17.4 15.5
17.3 15.3
17.2 15.9
17.2 15.6
17.1 15.6
17.1 15.5
17.1 15.5
17 15.5
17.2 15.8
17.2 15.4
17.2 15.4
17.1 15.1
17.1 14.4
17 14.2
17 13.9
17 13.8
16.9 13.7
16.9 14.1
16.9 14.2
16.8 15.2
16.7 15.1
16.6 14.4
16.6 13.5
16.5 13.3
16.6 12.7
16.8 12.3
16.8 12.1
16.7 12
16.7 12.5
16.7 12.6
16.6 12.5
16.5 12.3
16.6 12.7
16.6 12.6
16.6 12.5
16.5 12.6
16.5 12.5
16.5 12.4
16.4 12.5
16.5 12.6
16.5 12.6
16.4 12.9
16.4 13.3
16.4 14.7
16.3 15.3
16.3 15.3
16.3 15.4
16.2 15.1
16.2 15.3
16.1 15.6
16.1 15.7
16.1 15.4
16.1 15.6
16.1 15
16 14.7
16 14.5
16 13.9
16 13.8
16 13.8
16 13.9
16 13.8
16 14
15.9 14.3
15.9 14
15.9 13.7
15.9 13.7
15.8 13.5
15.8 13.4
15.7 13.3
15.6 13.3
15.6 13.1
15.5 12.9
15.5 13.2
15.4 13.2
15.2 13.4
15.1 13.6
15.1 13.6
15.1 13.6
14.9 13.6
14.8 13.5
14.8 13.5
14.5 13.3
13.2 13.7
12.1 14.7
12 14.8
11.4 15.1
9.13 14.7
6.59 13.2
4.58 12
2.83 11.6
1.41 11.3
0 10
0 8.46
0 6.98
0 5.86
0 4.96
0 4.07
0 3.29
0 2.66
0 2.19
0 2.18
0 2.49
0 2.59
0 2.16
0 2.85
0 3.14
0 2.7
0 2.32
0 2.17
0 2.02
0 1.83
0 1.66
0 1.55
0 1.45
0 1.38
0 1.27
0 1.14
0 1.04
0 0.955
0 0.922
0 0.895
0 0.839
0 0.823
0 0.767
0 0.729
0 0.721
0 0.72
0 0.718
0 0.696
0 0.696
 0.686
 0.676
 
 
 
 
 
 
 
 
 
 
 
 
 
 
 
 
 
 
 
 
 
 
 
 
 
 
 
 
 
 
 
 
 
 
 
 
 
 
 
 
 
 
 
 
 
 
 
 
 
 
 
 
 
 
 
 
 
 
 
 
 
 
 
 
 
 
 
 
 
 
 
 
 
 
 
 
 
 
 
 
 
 
 
 
 
 
 
 
 
 
 
 
 
 
 
 
 
 
 
 
 
 
 
 
 
 
 
 
 
 
 
 
 
 
 
 
 
 0.164
0 0.159
0 0.155
0 0.148
0 0.139
0 0.139
0 0.146
0 0.152
0 0.154
0 0.157
0 0.157
0 0.16
0 0.162
0 0.162
0 0.162
0 0.164
0 0.167
0 0.17
0 0.182
0 0.182
0 0.302
0 0.343
0 1.05
0 3.23
0 4.06
0 4.89
0 6.93
0 9.98
0 11.9
0 12.2
0 11.4
0 10.2
0 9.06
0 8.23
0 7.61
0 7.28
0 7.06
0 4.95
0 13.9
0 27.8
0 29.6
0 34.7
0 45.4
0 50.8
0 62.2
0 94.6
0 133
0 114
0 113
0 82.1
0 63.8
0 50.9
0 43.4
0 43.6
0 44.5
0 47.4
0 38
0 28.6
0 24.4
0 24.2
0 22.4
0 20.7
0 22.6
0 25.6
0 26.4
0 22.8
0 19.8
0 17.7
0 16.2
0 17.6
0.201 19.1
1.98 19.6
1.9 19
1.88 20.5
1.85 19.1
1.83 17.1
2.51 14.1
5.27 13.6
8.24 12.3
11.1 10.9
12.9 10.4
12.8 10.3
13.1 14.4
14.9 25.5
17.4 31.2
17.7 26.5
17.7 21
17.8 18.9
17.8 20.3
17.7 20.3
17.7 19.4
17.7 19.3
17.7 20.8
17.6 24.1
17.5 14.1
17.3 14.9
17.2 17.9
17.2 20
17.2 20.4
17.2 19.4
17.1 18.6
17.1 18
17.2 16.6
17.2 16.8
17.1 17.2
17 15.9
16.9 15.5
16.8 16.4
16.8 16.9
16.8 16.8
16.9 18
17.3 21.4
17.5 23.5
17.4 22.4
17.4 23.9
17.5 26.4
17.5 29.4
17.5 24.1
17.3 20.2
17.2 19.4
17.1 17.9
17 17.3
16.8 17
16.7 16.9
16.6 17.2
16.7 17.2
16.6 17
16.4 16.5
16.5 15.5
16.8 15.7
16.7 15.2
16.8 14.2
16.7 13.6
16.8 14.1
17 14.8
16.9 14.2
16.9 14.3
16.9 14.8
16.9 14.8
16.8 15.4
16.7 15.2
16.6 15
16.6 14.2
16.6 14.3
16.5 14.5
16.5 13.7
16.5 13.6
16.5 14.3
16.5 13.8
16.6 14.4
16.7 14.8
16.7 14.2
16.7 14
16.7 13.9
16.8 13.7
16.7 12.7
16.7 11.7
16.7 11.8
16.7 12.4
16.7 12.5
16.7 12.9
16.6 13.4
16.5 12.8
16.5 12.9
16.4 12.7
16.4 11.9
16.4 11.8
16.4 13.2
16.4 13.6
16.4 13
16.4 13.4
16.3 13.3
16.3 13
16.4 13.1
16.3 13.5
16.4 13.9
16.4 14.6
16.3 15
16.3 15.7
16.4 15.7
16.5 16.1
16.4 17.6
16.4 19.2
16.3 19.6
16.3 18.4
16.2 16.6
16.2 16.1
16.2 15.1
16.1 15.6
16.1 15.2
16.1 15.3
16.1 15.5
16.1 14.8
16.1 14.5
16.1 14.3
16.1 14.6
16.1 15.4
16.1 15.5
16 16.6
15.7 16.8
15.7 17.7
15.7 18
15.3 18.2
14.2 18.8
12.7 19.3
11.3 19
9.93 18.2
9.83 17.1
9.13 15.1
6.51 13.6
3.31 11.7
2.08 10.7
1.05 10.6
0 9.78
0 8.29
0 6.13
0 4.63
0 3.93
0 3.27
0 2.56
0 1.98
0 1.53
0 1.28
0 1.24
0 1.32
0 1.3
0 1.37
0 1.63
0 1.93
0 1.84
0 2
0 2.14
0 1.95
0 1.89
0 1.73
0 1.75
0 1.89
0 1.78
0 1.67
0 1.64
0 1.65
0 1.55
0 1.54
0 1.57
0 1.44
0 1.34
 
 
 
 
 
 
 
 
 
 
 
 
 
 
 
 
 
 
 
 
 
 
 
 
 
 
 
 
 
 
 
 
 
 
 
 
 
 
 
 
 
 
 
 
 
 
 
 
 
 
 
 
 
 
 
 
 
 
 
 
 
 
 
 
 
 
 
 
 
 
 
 
 
 
 
 
 
 
 
 
 
 
 
 
 
 
 
 
 
 
 
 
 
 
 
 
 
 
 
 
 
 
 
 
 
 
 
 
 
 
 
 
 
 
 
 
 
 
 
 
0 B
0 B
0 B
0 B
0 B
0 B
0 B
0 B
0 B
0 B
0 B
0 B
0 B
0 B
0 B
0 B
0 B
0 B
0 B
0 B
0 B
0 B
0 B
0 B
0.025 B
0.069 B
0.614 B
0.82 B
1.3 B
1.96 B
2.05 B
2.14 
2.28 
2.45 
2.45 
2.44 
2.45 
2.45 
2.44 
2.47 
2.47 
3.15 
4.85 
5.81 
5.88 
6.44 
8.42 
11.8 
13.5 
13.5 
13.5 
13.7 
13.9 
13.9 
14 
14 
14.3 
14.3 
14.3 
14.2 
13.3 
10.4 
8.1 
8.41 
8.35 
8.35 
8.29 
8.26 
8.25 
8.23 
8.19 
8.16 
8.18 
8.27 
8.45 
8.07 
6.5 
5.51 
5.49 
5.37 
5.32 
5.31 
6.55 
9.97 
11.7 
11.8 
12.6 
12.3 
12.2 
12.1 
12.7 
15.1 
16.5 
16.8 
16.9 
17 
17 
17 
16.9 
17 
16.8 
16.6 
16.4 
16.3 
17 
17 
17.2 
17.3 
17.3 
17.3 
17.1 
17.1 
17.1 
17.4 
17.6 
17.5 
17.2 
17.2 
17.1 
17.1 
17 
16.9 
16.9 
16.8 
16.9 
16.9 
16.8 
16.7 
16.6 
16.6 
16.6 
16.5 
16.4 
16.4 
16.4 
16.4 
16.3 
16.5 
16.9 
16.9 
16.9 
16.8 
16.8 
16.7 
16.7 
16.6 
16.6 
16.6 
16.6 
16.5 
16.5 
16.5 
16.7 
16.8 
16.8 
16.7 
16.7 
16.7 
16.7 
16.6 
16.6 
16.6 
16.7 
16.6 
16.6 
16.5 
16.4 
16.4 
16.5 
16.6 
16.6 
16.5 
16.5 
16.5 
16.5 
16.5 
16.5 
16.5 
16.5 
16.5 
16.4 
16.5 
16.5 
16.5 
16.6 
16.8 
16.8 
16.7 
16.7 
16.7 
16.6 
16.6 
16.6 
16.2 
15.1 
14.4 
13.4 
11.7 
10.3 
10.3 
10.2 
10.2 
10.1 
10.1 
10.1 
10 
9.54 
7.46 
4.75 
3.08 
1.23 
0.365 
0.194 
0.21 
0.179 
0.16 
0.147 
0 
0 
0 
0 
0 
0 
0 
0 
0 
0 
0 
0 
0 
0 
0 
0 
0 
0 
0 
0 
0 
0 
0 
0 
0 
0 
0 
0 
0 
0 
0 
0 
 
 
 
 
 
 
 
 
 
 
 
 
 
 
 
 
 
 
 
 
 
 
 
 
 
 
 
 
 
 
 
 
 
 
 
 
 
 
 
 
 
 
 
 
 
 
 
 
 
 
 
 
 
 
 
 
 
 
 
 
 
 
 
 
 
 
 
 
 
 
 
 
 
 
 
 
 
 
 
 
 
 
 
 
 
 
 
 
 
 
 
 
 
 
 
 
 
 
 
 
 
 
 
 
 
 
 
 
 
 
 
 
 
 
 
 
 
0 
0 
0 
0 
0 
0 
0 
0 
0 
0 
0 
0 
0 
0 
0 
0 
0 
0 
0 
0 
0 
0 
0 
0 
0 
0 
0 
0 
0 
0.584 
1.21 
1.83 
2.12 
2.12 
2.12 
2.1 
2.1 
2.38 
2.3 
2.19 
2.21 
2.15 
2.17 
2.17 
2.07 
2.06 
2.08 
2.18 
2.32 
2.29 
2.36 
2.44 
2.49 
2.49 
2.5 
2.48 
2.45 
2.47 
2.51 
2.43 
2.43 
2.37 
2.33 
2.31 
3.15 
6.16 
8.51 
8.56 
9.33 
10.9 
11 
11.4 
11.5 
11.6 
11.4 
8.18 
4.95 
2.58 
0.345 
0 
0 
0 
0 
0 
0 
0 
0 
0 
0 
0 
0 
0 
0 
0 
0 
0 
0 
0 
0 
0 
0 
0 
0 
0 
0 
0 
0 
0 
0 
0 
0 
0 
0 
0 
0 
0 
0 
0 
0 
0 
0 
0 
0 
0 
0 
0 
0 
0 
0 
0 
0 
0 
0 
0 
0 
0 
0 
0 
0 
0 
0 
0 
0 
0 
0 
0 
0 
0 
0 
0 
0 
0 
0 
0 
0 
0 
0 
0 
0 
0 
0 
0 
0 
0 
0 
0 
0 
0 
0 
0 
0 
0 
0 
0 
0 
0 
0 
0 
0 
0 
0 
0 
0 
0 
0 
0 
0 
0 
0 
0 
0 
0 
0 
0 
0 
0 
0 
0 
0 
0 
0 
0 
0 
0 
0 
0 
0 
0 
0 
0 
0 
0 
0 
0 
0.032 
0.073 
0.077 
0.077 
0.073 
0.106 
0.13 
0.458 
2.84 
4.57 
6.46 
6.53 
9.51 
11.9 
15 
15.3 
15.3 
15.4 
15.4 
15.4 
14.3 
14.6 
15.2 
15.1 
15.8 
16.1 
14.9 
10.3 
6.77 
4.21 
2 
0.19 
0.062 
0 
0 
 
 
 
 
 
 
 
 
 
 
 
 
 
 
 
 
 
 
 
 
 
 
 
 
 
 
 
 
 
 
 
 
 
 
 
 
 
 
 
 
 
 
 
 
 
 
 
 
 
 
 
 
 
 
 
 
 
 
 
 
 
 
 
 
 
 
 
 
 
 
 
 
 
 
 
 
 
 
 
 
 
 
 
 
 
 
 
 
 
 
 
 
 
 
 
 
 
 
 
 
 
 
 
 
 
 
 
 
 
 
 
0 
0 
0 
0 
0 
0 
0 
0 
0 
0 
0 
0 
0 
0 
0 
0 
0 
0 
0 
0 
0 
0 
0 
0 
0 
0 
0.337 
1.82 
0.326 
0.145 
0.142 
0.265 
1.77 
2.34 
4.19 
6.15 
6.46 
8.58 
9.4 
12.5 
15.6 
16.6 
16.7 
16.8 
16.8 
16.8 
16.8 
16.8 
16.8 
16.7 
16.9 
16.8 
16.8 
16.7 
16.8 
16.7 
16.7 
16.7 
16.8 
16.8 
16.8 
16.8 
16.8 
16.7 
16.7 
16.8 
16.9 
17.2 
17.3 
17.3 
17 
16.8 
16.5 
16.6 
16.6 
16.6 
16.5 
16.3 
16.2 
16.4 
16.3 
16.3 
16.4 
16.6 
16.5 
16.7 
16.4 
16.3 
16.2 
16 
15.8 
15.8 
16.2 
16.5 
16.5 
16.6 
16.7 
16.7 
16.7 
16.8 
16.7 
16.5 
16.5 
16.4 
16.2 
16 
16.1 
16 
16.4 
16.3 
16.2 
16.4 
16.7 
16.9 
16.9 
16.9 
17.1 
16.8 
16.5 
16.5 
16.6 
16.6 
16.5 
16.4 
16.3 
16.3 
16.6 
16.6 
16.6 
16.6 
16.6 
16.6 
16.5 
16.4 
16.3 
16.2 
16.2 
16.1 
16.1 
16.3 
16.4 
16.3 
16.2 
16.2 
16.2 
16.1 
16.2 
16.5 
16.5 
16.4 
16.3 
16.2 
16.3 
16.5 
16.4 
16.4 
16.5 
16.5 
16.5 
16.5 
16.5 
16.6 
16.6 
16.6 
16.5 
16.7 
16.7 
16.7 
16.6 
16.5 
16.5 
16.5 
16.4 
16.3 
16.4 
16.2 
15.5 
13.5 
13.4 
13.3 
13.4 
13.6 
13.5 
13.5 
13.4 
13.4 
13.4 
13.3 
13.3 
13.2 
13.2 
13.5 
13.4 
13.3 
13.2 
13 
12.5 
10 
8.16 
7.95 
7.58 
6.95 
4.02 
1.92 
1.09 
0.143 
0 
0 
0 
0 
0 
0 
0 
0 
0 
0 
0 
0 
0 
0 
0 
0 
0 
0 
0 
0 
0 
0 
0 
0 
0 
0 
0 
0 
0 
0 
0 
0 
0 
0 
0 
0 
0 
0 
0 
0 
0 
0 
0 
0 
0 
0 
 
 
 
 
 
 
 
 
 
 
 
 
 
 
 
 
 
 
 
 
 
 
 
 
 
 
 
 
 
 
 
 
 
 
 
 
 
 
 
 
 
 
 
 
 
 
 
 
 
 
 
 
 
 
 
 
 
 
 
 
 
 
 
 
 
 
 
 
 
 
 
 
 
 
 
 
 
 
 
 
 
 
 
 
 
 
 
 
 
 
 
 
 
 
 
 
 
 
 
 
 
 
 
 
 
 
 
 
 
 
 
 
 
 
 
 
 
 
 
 
 
 
 
 
 
 
 
 
 
 
 
 
 
 
 
 
 
 
 
 
 
 
 
 
 
 
 
 
 
 
 
 
 
 
 
 
 
 
1.111 
1.38 
1.389 
1.499 
1.654 
1.58 
1.583 
1.659 
1.879 
2.007 
2.142 
2.215 
2.195 
2.202 
2.206 
2.215 
2.23 
2.27 
2.331 
2.331 
2.323 
2.321 
2.321 
2.305 
2.316 
2.308 
2.298 
2.289 
2.296 
2.351 
2.352 
2.351 
2.354 
2.355 
2.355 
2.354 
2.356 
2.361 
2.37 
2.36 
2.299 
2.317 
2.326 
2.326 
2.335 
2.319 
2.281 
2.275 
2.275 
2.268 
2.26 
2.258 
2.301 
2.32 
2.319 
2.33 
2.348 
2.363 
2.311 
2.291 
2.289 
2.285 
2.289 
2.279 
2.269 
2.262 
2.265 
2.27 
2.276 
2.28 
2.286 
2.302 
2.308 
2.307 
2.303 
2.302 
2.306 
2.303 
2.312 
2.315 
2.313 
2.309 
2.297 
2.289 
2.283 
2.287 
2.279 
2.277 
2.274 
2.271 
2.267 
2.265 
2.284 
2.325 
2.326 
2.324 
2.324 
2.322 
2.318 
2.316 
2.312 
2.308 
2.308 
2.308 
2.305 
2.303 
2.296 
2.287 
2.276 
2.296 
2.354 
2.353 
2.356 
2.357 
2.364 
2.369 
2.337 
2.357 
2.36 
2.357 
2.354 
2.356 
2.358 
2.36 
2.36 
2.359 
2.358 
2.347 
2.313 
2.306 
2.354 
2.351 
2.347 
2.344 
2.344 
2.341 
2.339 
2.337 
2.335 
2.331 
2.327 
2.325 
2.324 
2.321 
2.326 
2.34 
2.351 
2.351 
2.347 
2.349 
2.322 
2.298 
2.355 
2.355 
2.338 
2.211 
1.964 
1.706 
1.489 
1.13 
0.727 
0.667 
0.525 
0.492 
 
 
 
 
 
 
 
 
 
 
 
 
 
 
 
 
 
 
 
 
 
 
 
 
 
 
 
 
 
 
 
 
 
 
 
 
 
 
 
 
 
 
 
 
 
 
 
 
 
 
 
 
 
 
 
 
 
 
 
 
 
 
 
 
 
 
 
 
 
 
 
 
 
 
 
 
 
 
 
 
 
 
 
 
 
 
 
 
 
 
 
 
 
 
 
 
 
 
 
 
 
 
 
 
 
 
 
 
 
 
 
 
 
 
 
 
 
 
 
 
 
 
 
 
 
 
 
 
 
 
 
 
 
 
 
 
 
 
 
 
 
 
 
 
 
 
 
 
 
 
 
 
 
 
 
 
 
 
 
 
 
 
 
 
 
 
 
 
 
 
 
 
0.747 
1.241 
1.258 
1.285 
1.37 
1.536 
1.541 
1.644 
1.545 
1.573 
1.626 
1.71 
1.703 
1.697 
1.697 
1.818 
1.819 
1.872 
1.983 
2.008 
2.01 
2.012 
2.015 
2.015 
2.018 
2.022 
2.025 
2.03 
2.033 
2.033 
2.037 
2.034 
2.037 
2.038 
2.038 
2.039 
2.037 
2.035 
2.034 
2.034 
2.036 
2.037 
2.035 
2.034 
2.036 
2.035 
2.035 
2.041 
2.036 
2.041 
2.047 
2.047 
2.048 
2.05 
2.049 
2.048 
2.047 
2.047 
2.053 
2.057 
2.063 
2.07 
2.069 
2.081 
2.165 
2.183 
2.219 
2.295 
2.292 
2.284 
2.278 
2.283 
2.323 
2.285 
2.252 
2.249 
2.243 
2.245 
2.283 
2.314 
2.318 
2.32 
2.32 
2.321 
2.283 
2.208 
2.19 
2.187 
2.188 
2.192 
2.199 
2.203 
2.186 
2.183 
2.179 
2.176 
2.168 
2.162 
2.157 
2.154 
2.155 
2.175 
2.182 
2.187 
2.185 
2.181 
2.176 
2.169 
2.164 
2.162 
2.164 
2.168 
2.17 
2.174 
2.173 
2.177 
2.178 
2.175 
2.167 
2.189 
2.315 
2.313 
2.316 
2.309 
2.311 
2.308 
2.306 
2.32 
2.321 
2.323 
2.325 
2.325 
2.325 
2.325 
2.324 
2.326 
2.327 
2.307 
2.264 
2.265 
2.266 
2.264 
2.262 
2.26 
2.244 
2.19 
2.183 
2.179 
2.174 
2.199 
2.257 
2.257 
2.262 
2.265 
2.265 
2.262 
2.26 
2.259 
2.258 
2.258 
2.257 
2.257 
2.255 
2.255 
2.255 
2.255 
2.255 
2.255 
2.255 
2.255 
2.255 
2.256 
2.255 
2.255 
2.253 
2.252 
2.253 
2.252 
2.253 
2.254 
2.255 
2.254 
2.254 
2.253 
2.251 
2.244 
2.177 
2.096 
2.091 
2.048 
1.91 
1.82 
1.723 
1.706 
1.704 
1.702 
1.618 
1.374 
0.839 
0.754 
0.738 
0.717 
0.705 
0.696 
 
 
 
 
 
 
 
 
 
 
 
 
 
 
 
 
 
 
 
 
 
 
 
 
 
 
 
 
 
 
 
 
 
 
 
 
 
 
 
 
 
 
 
 
 
 
 
 
 
 
 
 
 
 
 
 
 
 
 
 
 
 
 
 
 
 
 
 
 
 
 
 
 
 
 
 
 
 
 
 
 
 
 
 
 
 
 
 
 
 
 
 
 
 
 
 
 
 
 
 
 
 
 
 
 
 
 
 
 
 
 
 
 
 
 
 
 
 
 
 
 
 
 
 
 
 
 
 
 
 
 
 
 
 
 
 
 
 
 
 
 
 
 
 
 
 
 
 
 
 
 
 
 
 
 
 
 
 
 
 
 
 
 
 
 
 
 
 
 
 
 
 
 
 
 
 
 
 
 
 
 
 
 
 
 
 
 
 
 
 
0.327 
0.32 
0.312 
0.3 
0.299 
0.32 
0.328 
0.347 
0.374 
0.445 
0.565 
0.582 
0.586 
0.603 
0.62 
0.595 
0.577 
0.613 
0.609 
0.607 
0.581 
0.574 
0.575 
0.583 
0.616 
0.629 
0.646 
0.622 
0.618 
0.607 
0.595 
0.593 
0.615 
0.62 
0.728 
1.344 
1.656 
1.892 
2.051 
2.172 
2.219 
2.198 
2.21 
2.302 
2.322 
2.347 
2.353 
2.361 
2.346 
2.346 
2.348 
2.339 
2.318 
2.311 
2.301 
2.297 
2.288 
2.289 
2.305 
2.323 
2.32 
2.316 
2.318 
2.321 
2.319 
2.323 
2.322 
2.319 
2.315 
2.295 
2.111 
2.082 
2.017 
2.185 
2.172 
2.187 
2.255 
2.347 
2.333 
2.32 
2.31 
2.304 
2.301 
2.301 
2.317 
2.312 
2.306 
2.303 
2.301 
2.306 
2.321 
2.318 
2.315 
2.314 
2.312 
2.31 
2.307 
2.307 
2.305 
2.306 
2.312 
2.31 
2.303 
2.301 
2.304 
2.308 
2.302 
2.303 
2.314 
2.309 
2.304 
2.299 
2.302 
2.315 
2.315 
2.315 
2.316 
2.316 
2.315 
2.313 
2.311 
2.311 
2.31 
2.309 
2.308 
2.324 
2.319 
2.319 
2.324 
2.324 
2.322 
2.322 
2.323 
2.325 
2.319 
2.304 
2.303 
2.301 
2.299 
2.305 
2.315 
2.312 
2.297 
2.27 
2.268 
2.261 
2.215 
2.096 
1.96 
1.822 
1.658 
1.647 
1.595 
1.488 
1.471 
1.144 
0.7 
0.59 
0.558 
0.54 
0.516 
0.477 
0.417 
0.369 
0.334 
0.315 
0.293 
 
 
 
 
 
 
 
 
 
 
 
 
 
 
 
 
 
 
 
 
 
 
 
 
 
 
 
 
 
 
 
 
 
 
 
 
 
 
 
 
 
 
 
 
 
 
 
 
 
 
 
 
 
 
 
 
 
 
 
 
 
 
 
 
 
 
 
 
 
 
 
 
 
 
 
 
 
 
 
 
 
 
 
 
 
 
 
 
 
 
 
 
 
 
 
 
 
 
 
 
 
 
 
 
 
 
 
 
 
 
 
 
 
 
 
 
 
 
 
 
 
 
 
 
 
 
 
 
 
 
 
 
 
 
 
 
 
 
 
 
 
 
 
 
 
 
 
 
 
 
 
 
 
 
 
 
 
 
 
 
 
 
 
 
 
 
 
 
 
 
 
 
 
 
 
 
 
 
 
 
 
 
 
 
 
 
 
 
 
1.4 
1.514 
1.519 
1.519 
1.519 
1.518 
1.518 
1.517 
1.514 
1.513 
1.513 
1.513 
1.51 
1.506 
1.506 
1.504 
1.504 
1.504 
1.503 
1.502 
1.503 
1.502 
1.504 
1.504 
1.506 
1.504 
1.505 
1.507 
1.506 
1.506 
1.508 
1.511 
1.51 
1.514 
1.594 
1.802 
1.853 
2.014 
2.146 
2.172 
2.189 
2.192 
2.19 
2.186 
2.183 
2.181 
2.184 
2.189 
2.184 
2.191 
2.247 
2.303 
2.348 
2.355 
2.36 
2.345 
2.342 
2.326 
2.316 
2.318 
2.321 
2.323 
2.323 
2.317 
2.302 
2.314 
2.327 
2.319 
2.315 
2.319 
2.318 
2.324 
2.326 
2.323 
2.322 
2.315 
2.315 
2.319 
2.317 
2.315 
2.321 
2.318 
2.322 
2.319 
2.318 
2.321 
2.322 
2.328 
2.328 
2.329 
2.329 
2.318 
2.32 
2.324 
2.324 
2.321 
2.326 
2.312 
2.315 
2.315 
2.321 
2.316 
2.314 
2.314 
2.315 
2.327 
2.32 
2.326 
2.328 
2.325 
2.321 
2.319 
2.315 
2.314 
2.317 
2.314 
2.313 
2.318 
2.319 
2.318 
2.317 
2.313 
2.312 
2.314 
2.319 
2.319 
2.321 
2.328 
2.331 
2.329 
2.326 
2.323 
2.321 
2.32 
2.318 
2.317 
2.316 
2.32 
2.319 
2.319 
2.319 
2.32 
2.319 
2.318 
2.318 
2.317 
2.307 
2.244 
2.096 
1.878 
1.566 
1.307 
1.264 
1.245 
1.181 
1.144 
1.09 
1.047 
1.043 
1.052 
1.041 
1.033 
0.98 
0.867 
0.86 
0.864 
0.858 
0.732 
0.584 
0.6 
0.6 
0.6 
0.599 
0.578 
0.544 
0.539 
0.517 
0.499 
0.495 
0.479 
0.47 
0.423 
0.413 
0.377 
0.321 
0.292 
0.28 
 
 
 
 
 
 
 
 
 
 
 
 
 
 
 
 
 
 
 
 
 
 
 
 
 
 
 
 
 
 
 
 
 
 
 
 
 
 
 
 
 
 
 
 
 
 
 
 
 
 
 
 
 
 
 
 
 
 
 
 
 
 
 
 
 
 
 
 
 
 
 
 
 
 
 
 
 
 
 
 
 
 
 
 
 
 
 
 
 
 
 
 
 
 
 
 
 
 
 
 
 
 
 
 
 
 
 
 
 
 
 
 
 
 
 
 
 
 
 
 
 
 
 
 
 
 
 
 
 
 
 
 
 
 
 
 
 
 
 
 
 
 
 
 
 
 
 
 
 
0.268 
0.267 
0.266 
0.265 
0.265 
0.264 
0.264 
0.264 
0.263 
0.263 
0.263 
0.262 
0.263 
0.262 
0.262 
0.261 
0.261 
0.261 
0.262 
0.262 
0.262 
0.301 
1.085 
1.182 
1.291 
1.294 
1.296 
1.344 
1.498 
1.607 
1.612 
1.673 
1.783 
1.786 
1.835 
1.945 
2.122 
2.196 
2.18 
2.183 
2.188 
2.186 
2.173 
2.174 
2.176 
2.181 
2.178 
2.175 
2.172 
2.172 
2.169 
2.172 
2.174 
2.183 
2.183 
2.179 
2.179 
2.177 
2.174 
2.168 
2.162 
2.155 
2.159 
2.16 
2.167 
2.168 
2.175 
2.183 
2.187 
2.173 
2.059 
2.024 
1.979 
1.859 
1.765 
1.758 
1.752 
1.767 
1.796 
1.798 
1.804 
1.813 
1.815 
1.799 
1.672 
1.567 
1.563 
1.559 
1.551 
1.547 
1.551 
1.547 
1.543 
1.541 
1.54 
1.541 
1.539 
1.598 
1.85 
2.06 
2.112 
2.113 
2.117 
2.116 
2.134 
2.206 
2.255 
2.306 
2.324 
2.332 
2.346 
2.332 
2.333 
2.332 
2.337 
2.348 
2.349 
2.349 
2.349 
2.35 
2.335 
2.329 
2.329 
2.331 
2.332 
2.33 
2.33 
2.33 
2.326 
2.321 
2.318 
2.315 
2.32 
2.316 
2.317 
2.316 
2.316 
2.316 
2.316 
2.314 
2.315 
2.314 
2.314 
2.315 
2.317 
2.315 
2.313 
2.316 
2.315 
2.314 
2.314 
2.312 
2.308 
2.308 
2.307 
2.308 
2.308 
2.306 
2.305 
2.312 
2.321 
2.318 
2.32 
2.32 
2.32 
2.319 
2.317 
2.317 
2.309 
2.271 
2.219 
2.212 
2.182 
2.167 
2.161 
2.06 
1.988 
1.909 
1.88 
1.807 
1.801 
1.8 
1.798 
1.797 
1.791 
1.788 
1.784 
1.785 
1.785 
1.749 
1.483 
1.28 
1.169 
1.031 
0.66 
0.445 
0.385 
0.357 
0.34 
0.327 
0.324 
0.29 
0.277 
0.276 
0.276 
0.277 
0.277 
0.276 
0.277 
0.276 
0.276 
0.275 
0.275 
0.275 
0.275 
0.275 
0.347 
0.48 
0.498 
0.409 
0.276 
0.276 
0.276 
0.277 
0.276 
0.275 
0.271 
0.27 
0.269 
0.269 
0.268 
0.268 
0.268 
0.268 
0.267 
0.267 
0.266 
0.266 
0.265 
0.265 
0.265 
0.265 
0.265 
0.264 
0.265 
 
 
 
 
 
 
 
 
 
 
 
 
 
 
 
 
 
 
 
 
 
 
 
 
 
 
 
 
 
 
 
 
 
 
 
 
 
 
 
 
 
 
 
 
 
 
 
 
 
 
 
 
 
 
 
 
 
 
 
 
 
 
 
 
 
 
 
 
 
 
 
 
 
 
 
 
 
 
 
 
 
 
 
 
 
 
 
 
 
 
 
 
 
 
 
 
 
 
 
 
 
 
 
 
 
 
 
 
 
 
 
 
 
 
 
 
 
 
 
 
 
 
 
 
 
 
 
 
 
 
 
 
 
 
 
 
 
 
 
 
 
 
 
 
 
 
 
 
 
 
 
 
 
 
 
 
 
 
 
 
0.937 
1.169 
1.388 
1.563 
1.66 
1.662 
1.659 
1.661 
1.727 
1.864 
1.814 
1.815 
1.815 
1.814 
1.814 
1.815 
1.817 
1.818 
1.816 
1.816 
1.814 
1.854 
1.992 
2.019 
2.019 
2.047 
2.105 
2.12 
2.132 
2.136 
2.137 
2.171 
2.238 
2.272 
2.277 
2.275 
2.273 
2.271 
2.222 
2.236 
2.261 
2.258 
2.267 
2.314 
2.321 
2.32 
2.326 
2.324 
2.32 
2.32 
2.323 
2.327 
2.331 
2.329 
2.321 
2.319 
2.304 
2.313 
2.324 
2.321 
2.32 
2.317 
2.315 
2.319 
2.34 
2.353 
2.35 
2.349 
2.348 
2.349 
2.346 
2.338 
2.345 
2.345 
2.349 
2.352 
2.346 
2.342 
2.338 
2.336 
2.337 
2.335 
2.33 
2.339 
2.341 
2.338 
2.337 
2.336 
2.332 
2.33 
2.328 
2.326 
2.326 
2.323 
2.319 
2.314 
2.312 
2.31 
2.306 
2.312 
2.319 
2.318 
2.314 
2.313 
2.313 
2.308 
2.307 
2.309 
2.31 
2.308 
2.306 
2.305 
2.304 
2.302 
2.304 
2.303 
2.299 
2.299 
2.298 
2.296 
2.296 
2.294 
2.292 
2.289 
2.287 
2.287 
2.286 
2.284 
2.283 
2.281 
2.282 
2.28 
2.281 
2.28 
2.279 
2.278 
2.278 
2.274 
2.274 
2.274 
2.273 
2.272 
2.269 
2.266 
2.262 
2.26 
2.255 
2.252 
2.25 
2.24 
2.233 
2.231 
2.228 
2.219 
2.215 
2.215 
2.198 
2.117 
2.054 
2.046 
2.01 
1.86 
1.659 
1.463 
1.25 
1.001 
0.619 
0.549 
0.514 
0.415 
0.36 
 
 
 
 
 
 
 
 
 
 
 
 
 
 
 
 
 
 
 
 
 
 
 
 
 
 
 
 
 
 
 
 
 
 
 
 
 
 
 
 
 
 
 
 
 
 
 
 
 
 
 
 
 
 
 
 
 
 
 
 
 
 
 
 
 
 
 
 
 
 
 
 
 
 
 
 
 
 
 
 
 
 
 
 
 
 
 
 
 
 
 
 
 
 
 
 
 
 
 
 
 
 
 
 
 
 
 
 
 
 
 
 
 
 
 
 
 
 
 
 
 
 
 
 
 
 
 
 
 
 
 
 
 
 
 
 
 
 
 
 
 
 
 
 
 
 
 
 
 
 
 
 
 
 
 
 
 
 
 
 
 
 
 
 
 
 
 
 
 
 
 
 
 
 
 
 
 
 
 
 
 
 
 
 
 
 
 
 
 
 
 
 
 
 
 
 
 
 
0.57 
0.612 
0.53 
0.437 
0.426 
0.44 
0.453 
0.547 
0.568 
0.529 
0.483 
0.45 
0.438 
0.42 
0.413 
0.396 
0.406 
0.401 
0.399 
0.384 
0.366 
0.345 
0.334 
 
 
0.849 
1.125 
1.111 
1.107 
1.101 
1.098 
1.196 
1.535 
1.794 
1.99 
2.097 
2.093 
2.111 
2.217 
2.348 
2.367 
2.364 
2.37 
2.372 
2.367 
2.365 
2.366 
2.365 
2.36 
2.353 
2.343 
2.342 
2.341 
2.34 
2.338 
2.335 
2.335 
2.34 
2.341 
2.337 
2.329 
2.323 
2.318 
2.321 
2.322 
2.327 
2.346 
2.354 
2.352 
2.352 
2.355 
2.355 
2.353 
2.345 
2.341 
2.337 
2.329 
2.321 
2.315 
2.311 
2.316 
2.309 
2.3 
2.305 
2.318 
2.317 
2.318 
2.316 
2.32 
2.328 
2.326 
2.325 
2.325 
2.323 
2.319 
2.315 
2.312 
2.311 
2.309 
2.306 
2.305 
2.303 
2.303 
2.305 
2.31 
2.313 
2.313 
2.316 
2.317 
2.318 
2.317 
2.316 
2.315 
2.315 
2.315 
2.313 
2.31 
2.307 
2.304 
2.301 
2.299 
2.298 
2.299 
2.299 
2.298 
2.298 
2.297 
2.297 
2.298 
2.297 
2.298 
2.298 
2.297 
2.297 
2.298 
2.303 
2.3 
2.299 
2.296 
2.293 
2.291 
2.291 
2.288 
2.287 
2.285 
2.285 
2.285 
2.286 
2.285 
2.286 
2.286 
2.287 
2.286 
2.281 
2.265 
2.265 
2.264 
2.242 
2.18 
2.09 
2.001 
1.917 
1.91 
1.86 
1.65 
1.314 
1.141 
0.924 
0.596 
 
 
 
0.343 
 
 
 
 
 
 
 
 
 
 
 
 
 
 
 
 
 
 
 
 
 
 
 
 
 
 
 
 
 
 
 
 
 
 
 
 
 
 
 
 
 
 
 
 
 
 
 
 
 
 
 
 
 
 
 
 
 
 
 
 
 
 
 
 
 
 
 
 
 
 
 
 
 
 
 
 
 
 
 
 
 
 
 
 
 
 
 
 
 
 
 
 
 
 
 
 
 
 
 
 
 
 
 
 
 
 
 
 
 
 
 
 
 
 
 
 
 
 
 
 
 
 
 
 
 
 
 
 
 
 
 
 
 
 
 
 
 
 
 
 
 
 
 
 
 
 
 
 
 
 
 
 
 
 
 
 
 
 
 
 
 
 
 
 
 
 
 
 
 
 
 
 
 
0.553 
0.924 
1.077 
1.067 
1.23 
1.142 
1.151 
1.174 
1.201 
1.2 
1.199 
1.2 
1.2 
1.198 
1.203 
1.203 
1.292 
1.491 
1.589 
1.597 
1.648 
1.807 
2.036 
2.135 
2.134 
2.138 
2.149 
2.16 
2.162 
2.166 
2.167 
2.183 
2.186 
2.185 
2.18 
2.126 
1.945 
1.787 
1.81 
1.806 
1.806 
1.801 
1.799 
1.798 
1.797 
1.794 
1.792 
1.793 
1.8 
1.813 
1.783 
1.652 
1.559 
1.557 
1.546 
1.541 
1.539 
1.65 
1.917 
2.025 
2.032 
2.083 
2.065 
2.057 
2.052 
2.089 
2.228 
2.304 
2.32 
2.323 
2.331 
2.329 
2.328 
2.327 
2.328 
2.32 
2.309 
2.298 
2.297 
2.328 
2.332 
2.338 
2.344 
2.345 
2.343 
2.337 
2.336 
2.335 
2.351 
2.362 
2.353 
2.341 
2.338 
2.337 
2.333 
2.328 
2.325 
2.323 
2.321 
2.324 
2.323 
2.32 
2.316 
2.31 
2.312 
2.312 
2.305 
2.302 
2.3 
2.301 
2.3 
2.297 
2.307 
2.325 
2.325 
2.323 
2.321 
2.318 
2.316 
2.313 
2.312 
2.31 
2.308 
2.308 
2.306 
2.306 
2.307 
2.316 
2.318 
2.318 
2.316 
2.315 
2.315 
2.314 
2.312 
2.31 
2.309 
2.313 
2.311 
2.309 
2.304 
2.302 
2.3 
2.304 
2.311 
2.309 
2.307 
2.305 
2.304 
2.304 
2.304 
2.304 
2.305 
2.305 
2.303 
2.302 
2.303 
2.304 
2.305 
2.309 
2.32 
2.32 
2.317 
2.314 
2.313 
2.311 
2.308 
2.308 
2.291 
2.232 
2.191 
2.129 
2.025 
1.945 
1.94 
1.939 
1.933 
1.931 
1.93 
1.93 
1.924 
1.89 
1.732 
1.481 
1.28 
0.973 
0.7 
0.608 
0.62 
0.595 
0.577 
0.562 
0.49 
 
 
 
 
 
0.309 
0.316 
 
 
 
 
 
 
 
 
 
 
 
 
 
 
 
 
 
0.31 
0.316 
0.326 
0.334 
0.342 
 
 
 
 
 
 
 
 
 
 
 
 
 
 
 
 
 
 
 
 
 
 
 
 
 
 
 
 
 
 
 
 
 
 
 
 
 
 
 
 
 
 
 
 
 
 
 
 
 
 
 
 
 
 
 
 
 
 
 
 
 
 
 
 
 
 
 
 
 
 
 
 
 
 
 
 
 
 
 
 
 
 
 
 
 
 
 
 
 
 
 
 
 
 
 
 
 
 
 
 
 
 
 
 
 
 
 
 
 
 
 
 
 
 
 
 
 
 
 
 
 
 
 
 
 
 
 
 
 
 
 
 
 
 
 
 
 
 
0.812 
0.813 
0.819 
0.835 
0.859 
0.874 
0.888 
0.899 
0.91 
0.93 
0.955 
0.97 
1.094 
1.148 
1.148 
1.148 
1.145 
1.144 
1.19 
1.178 
1.16 
1.163 
1.153 
1.153 
1.157 
1.14 
1.138 
1.142 
1.158 
1.18 
1.176 
1.187 
1.199 
1.207 
1.206 
1.208 
1.205 
1.201 
1.204 
1.21 
1.198 
1.198 
1.189 
1.183 
1.178 
1.287 
1.616 
1.817 
1.821 
1.875 
1.978 
1.988 
2.008 
2.018 
2.02 
2.012 
1.786 
1.5 
1.209 
0.825 
0.735 
0.769 
0.795 
0.734 
0.693 
0.69 
0.678 
0.669 
0.659 
0.659 
0.65 
0.651 
0.661 
0.636 
0.634 
0.627 
0.619 
0.618 
0.621 
0.614 
0.664 
0.637 
0.605 
0.587 
0.581 
0.585 
0.613 
0.582 
0.574 
0.587 
0.615 
0.618 
0.656 
0.599 
0.576 
0.567 
0.561 
0.576 
0.562 
0.548 
0.581 
0.664 
0.824 
0.816 
0.689 
0.652 
0.631 
0.607 
0.595 
0.591 
0.538 
0.356 
0.386 
0.37 
0.36 
0.345 
0.321 
0.297 
 
 
 
 
 
 
 
 
 
 
 
 
 
 
 
 
 
 
 
 
 
 
 
 
 
 
 
 
 
 
 
 
 
 
 
 
 
 
 
 
 
 
 
 
 
 
 
 
 
 
 
 
 
 
 
 
 
 
 
 
 
 
 
 
 
 
 
 
 
 
 
 
 
 
 
 
 
0.418 
0.464 
0.471 
0.471 
0.465 
0.512 
0.542 
0.667 
1.252 
1.454 
1.654 
1.656 
1.887 
2.038 
2.227 
2.243 
2.244 
2.249 
2.25 
2.246 
2.183 
2.2 
2.236 
2.232 
2.27 
2.285 
2.216 
1.936 
1.676 
1.422 
1.102 
0.592 
0.458 
0.291 
 
 
 
 
 
 
 
 
 
 
 
 
 
 
 
 
 
 
 
 
 
 
 
 
 
 
 
 
 
 
 
 
 
 
 
 
 
 
 
 
 
 
 
 
 
 
 
 
 
 
 
 
 
 
 
 
 
 
 
 
 
 
 
 
 
 
 
 
 
 
 
 
 
 
 
 
 
 
 
 
 
 
 
 
 
 
 
 
 
 
 
 
 
 
 
 
 
 
 
 
 
 
 
 
 
 
 
 
 
 
 
 
 
 
 
 
 
 
 
 
 
 
 
 
 
 
 
 
 
 
 
 
 
 
 
 
0.525 
0.533 
0.81 
1.082 
0.681 
0.56 
0.557 
0.612 
1.087 
1.177 
1.417 
1.625 
1.646 
1.822 
1.88 
2.077 
2.259 
2.309 
2.314 
2.319 
2.322 
2.322 
2.322 
2.322 
2.32 
2.317 
2.323 
2.322 
2.319 
2.316 
2.319 
2.316 
2.316 
2.317 
2.32 
2.32 
2.32 
2.319 
2.318 
2.317 
2.317 
2.319 
2.325 
2.338 
2.345 
2.343 
2.328 
2.32 
2.307 
2.31 
2.312 
2.309 
2.304 
2.296 
2.291 
2.299 
2.296 
2.297 
2.302 
2.312 
2.307 
2.313 
2.301 
2.295 
2.288 
2.279 
2.272 
2.272 
2.289 
2.306 
2.305 
2.311 
2.313 
2.314 
2.315 
2.318 
2.317 
2.306 
2.307 
2.302 
2.29 
2.281 
2.284 
2.282 
2.3 
2.294 
2.29 
2.299 
2.317 
2.324 
2.326 
2.326 
2.333 
2.32 
2.307 
2.304 
2.308 
2.309 
2.305 
2.3 
2.296 
2.295 
2.309 
2.309 
2.308 
2.311 
2.312 
2.31 
2.304 
2.298 
2.296 
2.291 
2.288 
2.284 
2.286 
2.294 
2.301 
2.296 
2.291 
2.289 
2.288 
2.287 
2.291 
2.307 
2.304 
2.298 
2.293 
2.29 
2.293 
2.303 
2.301 
2.302 
2.304 
2.305 
2.306 
2.306 
2.306 
2.308 
2.309 
2.308 
2.307 
2.316 
2.314 
2.313 
2.31 
2.307 
2.305 
2.303 
2.299 
2.297 
2.299 
2.288 
2.253 
2.138 
2.129 
2.126 
2.129 
2.14 
2.138 
2.135 
2.133 
2.131 
2.128 
2.125 
2.123 
2.119 
2.119 
2.135 
2.132 
2.125 
2.117 
2.109 
2.074 
1.921 
1.792 
1.776 
1.747 
1.693 
1.395 
1.113 
0.935 
0.646 
0.54 
0.525
 
 
 
 
 
 
 
 
0.468 
0.459 
0.442 
0.424 
0.428 
0.418 
0.407 
0.401 
0.393 
0.374 
